      1  
     10   1000  30
     12   1001  30
     11   1002  30
     11   100  30
      6   1003  30
      6   1004  30
      7   1005  30
      4   1006  30
      6   1007  30
     11   1008  30
      3   1009  30
      7   1010  30
     10   1011  30
      6   1012  30
     11   101  30
      8   1013  30
      2   1014  30
      7   1015  30
      6   1016  30
      9   1017  30
     10   1018  30
      7   1019  30
      8   1020  30
      7   1021  30
     12   1022  30
     14   102  30
      9   1023  30
     14   1024  30
      9   1025  30
      7   1026  30
      5   1027  30
      7   1028  30
     10   1029  30
     13   1030  30
      9   1031  30
      8   1032  30
     13   103  30
     11   1033  30
      1  1033  30
      7   1034  30
      7   1035  30
     11   1036  30
      5   1037  30
      8   1038  30
      8   1039  30
     16   1040  30
      6   1041  30
     10   1042  30
      7   104  30
      7   1043  30
      9   1044  30
      3   1045  30
      6   1046  30
      7   1047  30
     10   1048  30
     11   1049  30
      9   1050  30
      8   1051  30
     10   1052  30
      7   105  30
      9   1053  30
      6   1054  30
     10   1055  30
     10   1056  30
      5   1057  30
     10   1058  30
      9   1059  30
      7   1060  30
      5   1061  30
     11   1062  30
      8   106  30
      8   1063  30
      7   1064  30
     10   1065  30
     10   1066  30
     11   1067  30
     13   1068  30
      6   1069  30
      7   1070  30
     11   1071  30
      7   1072  30
      7   107  30
     10   1073  30
      7   1074  30
     10   1075  30
      6   1076  30
      8   1077  30
     12   1078  30
      8   1079  30
     14   1080  30
      8   1081  30
     10   1082  30
     13   108  30
     11   1083  30
      6   1084  30
     15   1085  30
      9   1086  30
      5   1087  30
     15   1088  30
     11   1089  30
      9   1090  30
      9   1091  30
      9   1092  30
      2   109  30
     12   1093  30
      6   1094  30
     13   1095  30
      5   1096  30
      7   1097  30
      5   1098  30
      8   1099  30
     10   1100  30
     12   1101  30
      9   1102  30
     10   110  30
     11   1103  30
     11   1104  30
      8   1105  30
     14   1106  30
      8   1107  30
      8   1108  30
     10   1109  30
      8   1110  30
     13   1111  30
      9   1112  30
      5   111  30
      8   1113  30
      8   1114  30
      7   1115  30
      7   1116  30
     10   1117  30
      4   1118  30
      4   1119  30
      4   1120  30
     11   1121  30
      4   1122  30
      4   112  30
     10   1123  30
      8   1124  30
     13   1125  30
      9   1126  30
     18   1127  30
      6   113  30
     10   114  30
     16   115  30
     10   1157  30
     15   1158  30
     12   1159  30
     10   1160  30
      5   1161  30
     10   1162  30
     11   116  30
      8   1163  30
      7   1164  30
     13   1165  30
      9   1166  30
     10   1167  30
      8   1168  30
      7   1169  30
     12   1170  30
      5   1171  30
     13   1172  30
      6   117  30
      8   1173  30
      5   1174  30
     10   1175  30
     10   1176  30
      6   1177  30
      7   1178  30
      5   1179  30
      9   1180  30
      9   1181  30
      8   1182  30
      9   118  30
     15   1183  30
      6   1184  30
      9   1185  30
      6   1186  30
      9   1187  30
      4   1188  30
      4   1189  30
      6   1190  30
      4   1191  30
      6   1192  30
     11   119  30
      9   1193  30
      8   1194  30
     13   1195  30
      6   1196  30
     10   1197  30
      9   1198  30
     10   1199  30
      8   1200  30
      6   1201  30
      7   1202  30
      8   120  30
      7   1203  30
      4   1204  30
     10   1205  30
      7   1206  30
     12   1207  30
      8   1208  30
      8   1209  30
      5   1210  30
     12   1211  30
      3   1212  30
     12   121  30
      8   1213  30
     13   1214  30
      9   1215  30
      7   1216  30
      7   1217  30
     11   1218  30
      5   1219  30
     10   1220  30
      5   1221  30
      9   1222  30
      9   122  30
     11   1223  30
      8   1224  30
      6   1225  30
      8   1226  30
      8   1227  30
      9   1228  30
     10   1229  30
     13   1230  30
      7   123  30
      9   124  30
     11   125  30
      5   126  30
      8   127  30
      7   128  30
     10   129  30
     11   130  30
     11   131  30
     14   132  30
     10   133  30
     11   134  30
      5   135  30
      7   136  30
      7   137  30
      5   138  30
      9   139  30
     11   140  30
     10   141  30
     11   142  30
     10   143  30
     11   144  30
      8   145  30
      4   146  30
      5   147  30
     10   148  30
      7   149  30
     12   150  30
      9   151  30
     15   152  30
      8   153  30
      3   154  30
      5   155  30
      9   156  30
      7   157  30
      9   158  30
     12   159  30
     10   160  30
      9   161  30
      6   162  30
      9   163  30
      4   164  30
      9   165  30
      6   166  30
      7   167  30
      5   168  30
      5   169  30
      7   170  30
     13   171  30
      9   172  30
     15   173  30
     10   174  30
     10   175  30
     12   176  30
      8   177  30
     10   178  30
      8   179  30
      5   180  30
      5   181  30
      5   182  30
      8   183  30
      8   184  30
      7   185  30
      9   186  30
      7   187  30
      7   188  30
     11   189  30
      4   190  30
     10   191  30
      7   192  30
     12   193  30
      7   194  30
      9   195  30
      6   196  30
     10   197  30
     10   198  30
      8   199  30
     13   200  30
      7   201  30
     10   202  30
      7   203  30
      3   204  30
      9   205  30
      5   206  30
      9   207  30
      6   208  30
     10   209  30
      8   210  30
      7   211  30
     11   212  30
      9   213  30
      6   214  30
     11   215  30
      7   216  30
      8   217  30
      7   218  30
     14   219  30
     12   220  30
     13   221  30
     11   222  30
      7   223  30
     10   224  30
     15   225  30
      7   226  30
      3   227  30
      5   228  30
      6   229  30
      9   230  30
      4   231  30
     11   232  30
      8   233  30
     13   234  30
      6   235  30
     17   236  30
     14   237  30
      9   238  30
      7   239  30
      7   240  30
      9   241  30
      7   242  30
     10   243  30
      8   244  30
      4   245  30
      5   246  30
      6   247  30
      7   248  30
      4   249  30
      5   250  30
      6   251  30
      6   252  30
      7   253  30
     15   254  30
     12   255  30
     11   256  30
      9   257  30
      5   258  30
      7   259  30
      8   260  30
      8   261  30
      8   262  30
      7   263  30
     10   264  30
      6   265  30
      6   266  30
      6   267  30
      6   268  30
     11   269  30
     14   270  30
      6   271  30
     11   272  30
      6   273  30
      3   274  30
     12   275  30
      7   276  30
      8   277  30
      9   278  30
     11   279  30
      8   280  30
     10   281  30
      5   282  30
      8   283  30
      8   284  30
     12   285  30
     10   286  30
     12   287  30
      2   288  30
      4   289  30
     15   290  30
      8   291  30
      9   292  30
      7   293  30
      8   294  30
      4   295  30
     16   296  30
      8   297  30
      6   298  30
     12   299  30
    347     30
      8   300  30
      7   301  30
      6   302  30
      7   303  30
      9   304  30
     12   305  30
     13   306  30
      7   307  30
      7   308  30
     10   309  30
      3   310  30
      6   311  30
      5   312  30
     10   313  30
      8   314  30
      7   315  30
     11   316  30
     14   317  30
     15   318  30
     12   319  30
      5   320  30
      8   321  30
      8   322  30
      3   323  30
      9   324  30
      9   325  30
      7   326  30
     10   327  30
     11   328  30
      4   329  30
     15   330  30
      4   331  30
      9   332  30
      6   333  30
     12   334  30
     15   335  30
      8   336  30
      9   337  30
     12   338  30
      6   339  30
      7   340  30
      5   341  30
     11   342  30
      5   343  30
      5   344  30
      4   345  30
      9   346  30
      8   347  30
      8   348  30
      9   349  30
      6   350  30
      6   351  30
      7   352  30
      9   353  30
     11   354  30
      4   355  30
      8   356  30
     19   357  30
      5   358  30
      4   359  30
      8   360  30
      6   361  30
     10   362  30
      4   363  30
     10   364  30
      8   365  30
     11   366  30
     13   367  30
      9   368  30
      8   369  30
     10   370  30
      8   371  30
     12   372  30
     10   373  30
      5   374  30
      8   375  30
      6   376  30
      3   377  30
      6   378  30
      7   379  30
      5   380  30
     11   381  30
      9   382  30
     14   383  30
      6   384  30
      9   385  30
      5   386  30
      6   387  30
      4   388  30
      8   389  30
      7   390  30
     10   391  30
      9   392  30
      7   393  30
      9   394  30
     12   395  30
      6   396  30
      5   397  30
      8   398  30
     10   399  30
      6   400  30
     13   401  30
     11   402  30
     10   403  30
      3   404  30
      8   405  30
      7   406  30
      8   407  30
      7   408  30
      9   409  30
      8   410  30
      9   411  30
      8   412  30
      9   413  30
     12   414  30
     11   415  30
      5   416  30
      6   417  30
      7   418  30
      6   419  30
     11   420  30
      6   421  30
      7   422  30
      9   423  30
      7   424  30
      9   425  30
      9   426  30
      8   427  30
     11   428  30
      9   429  30
      4   430  30
      7   431  30
      8   432  30
     10   433  30
     10   434  30
      4   435  30
      6   436  30
      7   437  30
      9   438  30
      6   439  30
      7   440  30
      7   441  30
      8   442  30
      9   443  30
      8   444  30
     10   445  30
     10   446  30
      4   447  30
      9   448  30
     13   449  30
     10   450  30
     12   451  30
      9   452  30
      7   453  30
      8   454  30
     11   455  30
      7   456  30
      2   457  30
      3   458  30
     14   459  30
      7   460  30
     12   461  30
      6   462  30
      3   463  30
     11   464  30
      6   465  30
      9   466  30
     12   467  30
      6   468  30
     14   469  30
     12   470  30
      9   471  30
     12   472  30
      4   473  30
      9   474  30
      3   475  30
      9   476  30
      7   477  30
      6   478  30
     13   479  30
      9   480  30
      5   481  30
      5   482  30
      3   483  30
      4   484  30
      9   485  30
      8   486  30
      8   487  30
      8   488  30
      8   489  30
     11   490  30
      7   491  30
     11   492  30
      8   493  30
      6   494  30
     10   495  30
      9   496  30
      8   497  30
      6   498  30
     16   499  30
     10   500  30
      6   501  30
     12   502  30
     10   503  30
      9   504  30
      8   505  30
     12   506  30
     11   507  30
      9   508  30
      6   509  30
     11   510  30
      6   511  30
      9   512  30
      3   513  30
     16   514  30
     12   515  30
     12   516  30
     10   517  30
     11   518  30
     14   519  30
     10   520  30
      7   521  30
     14   522  30
      8   523  30
      5   524  30
     13   525  30
     10   526  30
      9   527  30
     14   528  30
      5   529  30
      7   530  30
      9   531  30
      4   532  30
      6   533  30
      9   534  30
      7   535  30
      8   536  30
     10   537  30
     11   538  30
      9   539  30
      7   540  30
     10   541  30
     10   542  30
     10   543  30
     12   544  30
     10   545  30
      9   546  30
      8   547  30
     11   548  30
     15   549  30
      6   550  30
      5   551  30
      8   552  30
      5   553  30
      9   554  30
     10   555  30
      8   556  30
      9   557  30
      9   558  30
     11   559  30
     10   560  30
     11   561  30
     11   562  30
     13   563  30
      8   564  30
     14   565  30
     10   566  30
      7   567  30
     14   568  30
      8   569  30
      8   570  30
     11   571  30
      3   572  30
      9   573  30
      9   574  30
     11   575  30
     10   576  30
      6   577  30
     10   578  30
     13   579  30
      6   580  30
     10   581  30
     10   582  30
      6   583  30
      9   584  30
     13   585  30
      6   586  30
     10   587  30
      7   588  30
      7   589  30
      7   590  30
     15   591  30
     10   592  30
      8   593  30
     10   594  30
      9   595  30
     10   596  30
      7   597  30
      4   598  30
     10   599  30
      7   600  30
      7   601  30
      7   602  30
     12   603  30
      8   604  30
     13   605  30
     11   606  30
     13   607  30
     11   608  30
      7   609  30
      9   610  30
     14   611  30
     11   612  30
      3   613  30
     15   614  30
     11   615  30
     11   616  30
     11   617  30
     12   618  30
      9   619  30
     10   620  30
     14   621  30
      8   622  30
     10   623  30
      9   624  30
      8   625  30
      8   626  30
      9   627  30
      7   628  30
      9   629  30
      5   630  30
     12   631  30
     12   632  30
     12   633  30
     10   634  30
      4   635  30
     11   636  30
      6   637  30
      8   638  30
      9   639  30
      6   640  30
     10   641  30
      4   642  30
      8   643  30
      5   644  30
      8   645  30
      9   646  30
      3   647  30
     14   648  30
     11   649  30
      5   650  30
      3   651  30
      7   652  30
     10   653  30
     14   654  30
      2   655  30
      7   656  30
     14   657  30
      8   658  30
      8   659  30
      6   660  30
      6   661  30
      6   662  30
      9   663  30
     11   664  30
     10   665  30
      8   666  30
      5   667  30
      5   668  30
      4   669  30
     11   670  30
      7   671  30
      9   672  30
      3   673  30
      8   674  30
      3   675  30
      9   676  30
     12   677  30
      6   678  30
      4   679  30
     11   680  30
     10   681  30
      8   682  30
     11   683  30
      8   684  30
      6   685  30
      8   686  30
      9   687  30
      8   688  30
      7   689  30
      7   690  30
     12   691  30
      8   692  30
      6   693  30
      7   694  30
      7   695  30
      8   696  30
     10   697  30
      6   698  30
      6   699  30
     11   700  30
      7   701  30
      8   702  30
      8   70  30
     15   703  30
      8   704  30
      6   705  30
      7   706  30
      7   707  30
     11   708  30
      4   709  30
     15   710  30
      2   711  30
     10   712  30
     11   71  30
      8   713  30
     11   714  30
      7   715  30
      9   716  30
     13   717  30
      7   718  30
      5   719  30
     14   720  30
      9   721  30
      4   722  30
      8   72  30
      8   723  30
     11   724  30
      9   725  30
      5   726  30
     11   727  30
      7   728  30
      9   729  30
     11   730  30
      7   731  30
     11   732  30
     14   73  30
      7   733  30
     12   734  30
      6   735  30
     11   736  30
     11   737  30
      7   738  30
     11   739  30
     10   740  30
      9   741  30
      7   742  30
      8   74  30
      5   743  30
     12   744  30
     11   745  30
      3   746  30
      9   747  30
      9   748  30
      9   749  30
     11   750  30
      8   751  30
     11   752  30
      9   75  30
      6   753  30
     10   754  30
      7   755  30
      6   756  30
     12   757  30
      6   758  30
      5   759  30
      6   760  30
      7   761  30
      7   762  30
     11   76  30
     16   763  30
      8   764  30
      2   765  30
      6   766  30
      8   767  30
      6   768  30
      6   769  30
      8   770  30
     10   771  30
     10   772  30
      4   77  30
     14   773  30
     10   774  30
      5   775  30
      6   776  30
      6   777  30
      8   778  30
     10   779  30
     11   780  30
      7   781  30
      8   782  30
      9   78  30
      7   783  30
      8   784  30
      2   785  30
      4   786  30
      7   787  30
     10   788  30
      5   789  30
     10   790  30
     10   791  30
     11   792  30
     14   79  30
      6   793  30
     10   794  30
      9   795  30
      5   796  30
     12   797  30
      7   798  30
      8   799  30
     12   800  30
      4   801  30
      8   802  30
      4   80  30
     11   803  30
      8   804  30
      6   805  30
      9   806  30
     14   807  30
      7   808  30
      7   809  30
      7   810  30
      9   811  30
      7   812  30
     11   81  30
      9   813  30
      8   814  30
     11   815  30
      3   816  30
     13   817  30
     14   818  30
      8   819  30
     10   820  30
      9   821  30
      8   822  30
     12   82  30
     13   823  30
     14   824  30
      6   825  30
      3   826  30
     14   827  30
     10   828  30
      8   829  30
     12   830  30
      7   831  30
     13   832  30
      7   83  30
      7   833  30
      5   834  30
      4   835  30
     11   836  30
     11   837  30
     11   838  30
      7   839  30
     10   840  30
      4   841  30
     12   842  30
      6   84  30
      8   843  30
     10   844  30
      6   845  30
     12   846  30
      5   847  30
      9   848  30
      7   849  30
     10   850  30
      7   851  30
      6   852  30
      5   85  30
      4   853  30
     10   854  30
      9   855  30
     12   856  30
      8   857  30
      5   858  30
      8   859  30
      7   860  30
      7   861  30
     12   862  30
      8   86  30
      8   863  30
      8   864  30
     13   865  30
     10   866  30
     12   867  30
      8   868  30
      9   869  30
      7   870  30
     12   871  30
      8   872  30
     13   87  30
      8   873  30
     11   874  30
      6   875  30
      9   876  30
      5   877  30
      8   878  30
     15   879  30
      6   880  30
     10   881  30
     12   882  30
     11   88  30
     10   883  30
     10   884  30
     15   885  30
     11   886  30
     11   887  30
     12   888  30
     12   889  30
     12   890  30
      5   891  30
      2   892  30
      8   89  30
      9   893  30
      6   894  30
     10   895  30
      6   896  30
      9   897  30
     11   898  30
      8   899  30
      6   900  30
     14   901  30
      8   902  30
     11   90  30
      5   903  30
     10   904  30
     13   905  30
      9   906  30
      7   907  30
     10   908  30
      4   909  30
      7   910  30
      5   911  30
      5   912  30
      8   91  30
     10   913  30
      8   914  30
      5   915  30
     12   916  30
      7   917  30
      8   918  30
      9   919  30
     11   920  30
     10   921  30
      9   922  30
      5   92  30
      8   923  30
     10   924  30
      7   925  30
     14   926  30
      9   927  30
      6   928  30
     11   929  30
     15   930  30
     10   931  30
      3   932  30
     11   93  30
     11   933  30
      7   934  30
      7   935  30
     10   936  30
     12   937  30
     11   938  30
      3   939  30
      5   940  30
     12   941  30
      2   942  30
      6   94  30
     12   943  30
     16   944  30
     10   945  30
      4   946  30
      6   947  30
      4   948  30
     10   949  30
      6   950  30
     11   951  30
      9   952  30
      5   95  30
      7   953  30
      7   954  30
      6   955  30
      6   956  30
     11   957  30
     12   958  30
      4   959  30
      9   960  30
      8   961  30
      7   962  30
     11   96  30
     12   963  30
      8   964  30
      5   965  30
     13   966  30
     11   967  30
      7   968  30
      6   969  30
      5   970  30
     10   971  30
      8   972  30
     15   97  30
      7   973  30
      8   974  30
      7   975  30
     10   976  30
      5   977  30
      8   978  30
     14   979  30
     10   980  30
      3   981  30
      8   982  30
      6   98  30
      7   983  30
     10   984  30
      8   985  30
      8   986  30
      8   987  30
      7   988  30
      6   989  30
      8   990  30
      7   991  30
      5   992  30
      6   99  30
      6   993  30
     11   994  30
      6   995  30
      8   996  30
      7   997  30
     10   998  30
     13   999  30
